[
  {
    "lowerBound": "1",
    "upperBound": "3",
    "expected": [
      1, 2, 3, 2, 4, 6, 3, 6, 9
    ]
  },
  {
    "lowerBound": "2",
    "upperBound": "5",
    "expected": [
      4, 6, 8, 10, 6, 9, 12, 15, 8, 12, 16, 20, 10, 15, 20, 25
    ]
  },
  {
    "lowerBound": "3",
    "upperBound": "10",
    "expected": [
      9, 12, 15, 18, 21, 24, 27, 30, 12, 16, 20, 24, 28, 32, 36, 40, 15, 20, 25, 30, 35, 40, 45, 50, 18, 24, 30, 36, 42, 48, 54, 60, 21, 28, 35, 42, 49, 56, 63, 70, 24, 32, 40, 48, 56, 64, 72, 80, 27, 36, 45, 54, 63, 72, 81, 90, 30, 40, 50, 60, 70, 80, 90, 100
    ]
  },
  {
    "lowerBound": "1",
    "upperBound": "9",
    "expected": [
      1, 2, 3, 4, 5, 6, 7, 8, 9, 2, 4, 6, 8, 10, 12, 14, 16, 18, 3, 6, 9, 12, 15, 18, 21, 24, 27, 4, 8, 12, 16, 20, 24, 28, 32, 36, 5, 10, 15, 20, 25, 30, 35, 40, 45, 6, 12, 18, 24, 30, 36, 42, 48, 54, 7, 14, 21, 28, 35, 42, 49, 56, 63, 8, 16, 24, 32, 40, 48, 56, 64, 72, 9, 18, 27, 36, 45, 54, 63, 72, 81
    ]
  },
  {
    "lowerBound": "5",
    "upperBound": "7",
    "expected": [
      25, 30, 35, 30, 36, 42, 35, 42, 49
    ]
  },
  {
    "lowerBound": "1",
    "upperBound": "2",
    "expected": [
      1, 2, 2, 4
    ]
  }
]